10000 	 3.91466e-30
11000 	 1.53902e-22
12000 	 8.2874e-17
13000 	 2.96899e-12
14000 	 6.75934e-09
15000 	 2.78448e-06
16000 	 0.0003157
17000 	 0.0127815
18000 	 0.252373
19000 	 2.86956
20000 	 21.0782
21000 	 108.437
22000 	 437.645
23000 	 1392.31
24000 	 3767.93
25000 	 8676.07
26000 	 17789
27000 	 32372.9
28000 	 56385.7
29000 	 87490
30000 	 130011
31000 	 182382
32000 	 245618
33000 	 318144
34000 	 400796
35000 	 488809
36000 	 581544
37000 	 676641
38000 	 774745
39000 	 869451
40000 	 964031
41000 	 1.05321e+06
42000 	 1.14083e+06
43000 	 1.22141e+06
44000 	 1.29756e+06
45000 	 1.36252e+06
46000 	 1.42525e+06
47000 	 1.47901e+06
48000 	 1.52842e+06
49000 	 1.56807e+06
50000 	 1.60197e+06
51000 	 1.63013e+06
52000 	 1.6465e+06
53000 	 1.66267e+06
54000 	 1.67247e+06
55000 	 1.68164e+06
56000 	 1.67863e+06
57000 	 1.6742e+06
58000 	 3.93322e+06
59000 	 5.68782e+06
60000 	 1.64267e+06
61000 	 1.62518e+06
62000 	 1.60222e+06
63000 	 1.57812e+06
64000 	 1.55482e+06
65000 	 1.52479e+06
66000 	 1.49568e+06
67000 	 3.02037e+06
68000 	 1.43104e+06
69000 	 1.81844e+06
70000 	 1.23362e+06
71000 	 1.20354e+06
72000 	 1.17664e+06
73000 	 1.1483e+06
74000 	 1.11856e+06
75000 	 1.08778e+06
76000 	 1.05609e+06
77000 	 1.02319e+06
78000 	 990389
79000 	 956114
80000 	 922015
81000 	 886853
82000 	 851676
83000 	 815339
84000 	 778815
85000 	 741460
86000 	 704420
87000 	 665957
88000 	 627892
89000 	 588191
90000 	 549172
91000 	 507983
92000 	 467686
93000 	 424876
94000 	 382893
95000 	 335168
96000 	 288198
97000 	 240780
98000 	 194361
99000 	 96111.5
100000 	 -1
