12000 	 7.74047e-17
13000 	 2.77821e-12
14000 	 6.35036e-09
15000 	 2.63388e-06
16000 	 0.0003014
17000 	 0.0123373
18000 	 0.246466
19000 	 2.83817
20000 	 21.1346
21000 	 110.202
22000 	 451.061
23000 	 1453.74
24000 	 3985.24
25000 	 9290.61
26000 	 19275.5
27000 	 35480.1
28000 	 62424.2
29000 	 97911.8
30000 	 146855
31000 	 207903
32000 	 282372
33000 	 368728
34000 	 468390
35000 	 575405
36000 	 689232
37000 	 807557
38000 	 930732
39000 	 1.05135e+06
40000 	 1.17257e+06
41000 	 1.28927e+06
42000 	 1.40437e+06
43000 	 1.5121e+06
44000 	 1.61544e+06
45000 	 1.70544e+06
46000 	 1.79392e+06
47000 	 1.87118e+06
48000 	 1.94446e+06
49000 	 2.00511e+06
50000 	 2.05921e+06
51000 	 2.10699e+06
52000 	 2.13926e+06
53000 	 2.17272e+06
54000 	 2.19699e+06
55000 	 2.22163e+06
56000 	 2.22973e+06
57000 	 2.23721e+06
58000 	 7.2991e+06
59000 	 1.12457e+07
60000 	 2.23551e+06
61000 	 2.22595e+06
62000 	 2.2088e+06
63000 	 2.19094e+06
64000 	 2.17353e+06
65000 	 2.14801e+06
66000 	 2.12248e+06
67000 	 5.56873e+06
68000 	 2.06411e+06
69000 	 2.9705e+06
70000 	 1.72809e+06
71000 	 1.70415e+06
72000 	 1.68399e+06
73000 	 1.66341e+06
74000 	 1.63993e+06
75000 	 1.61588e+06
76000 	 1.58948e+06
77000 	 1.56271e+06
78000 	 1.53478e+06
79000 	 1.50586e+06
80000 	 1.47655e+06
81000 	 1.44661e+06
82000 	 1.4162e+06
83000 	 1.38487e+06
84000 	 1.35334e+06
85000 	 1.32086e+06
86000 	 1.28851e+06
87000 	 1.25608e+06
88000 	 1.22296e+06
89000 	 1.19024e+06
90000 	 1.15678e+06
91000 	 1.12328e+06
92000 	 1.08998e+06
93000 	 1.05622e+06
94000 	 1.02293e+06
95000 	 989181
96000 	 955546
97000 	 921552
98000 	 887984
99000 	 854535
100000 	 820738
101000 	 787253
102000 	 752858
103000 	 719264
104000 	 685197
105000 	 651044
106000 	 617104
107000 	 582355
108000 	 548159
109000 	 512707
110000 	 477821
111000 	 442362
112000 	 406164
113000 	 370070
114000 	 329741
115000 	 290592
116000 	 251463
117000 	 212618
118000 	 157849
119000 	 77827.4
120000 	 -1
