8000 	 1.41535e-07
9000 	 9.44454e-41
10000 	 4.03537e-30
11000 	 1.66652e-22
12000 	 8.98715e-17
13000 	 3.20514e-12
14000 	 7.20961e-09
15000 	 2.92765e-06
16000 	 0.0003261
17000 	 0.012968
18000 	 0.251375
19000 	 2.80354
20000 	 20.2098
21000 	 102.085
22000 	 404.623
23000 	 1265.84
24000 	 3370.47
25000 	 7646.28
26000 	 15456.9
27000 	 27748.1
28000 	 47705.8
29000 	 73169.6
30000 	 107468
31000 	 149107
32000 	 198807
33000 	 254830
34000 	 317887
35000 	 384025
36000 	 452894
37000 	 522338
38000 	 592675
39000 	 659482
40000 	 724926
41000 	 785264
42000 	 843423
43000 	 895151
44000 	 942647
45000 	 981368
46000 	 1.01708e+06
47000 	 1.04588e+06
48000 	 1.0704e+06
49000 	 1.08778e+06
50000 	 1.10036e+06
51000 	 1.10796e+06
52000 	 1.1069e+06
53000 	 1.10553e+06
54000 	 1.0986e+06
55000 	 1.09109e+06
56000 	 1.07444e+06
57000 	 1.05732e+06
58000 	 1.42527e+06
59000 	 1.7007e+06
60000 	 989532
61000 	 961972
62000 	 929768
63000 	 897099
64000 	 863922
65000 	 826809
66000 	 789539
67000 	 1.016e+06
68000 	 709132
69000 	 740750
70000 	 595325
71000 	 553513
72000 	 512293
73000 	 468461
74000 	 423019
75000 	 375450
76000 	 322028
77000 	 267527
78000 	 211657
79000 	 118066
80000 	 -1
