1   0
2   0
3   1.287322e-232
4   4.151280e-115
5   4.950920e-64
6   2.239880e-38
7   4.265843e-24
8   2.161912e-15
9   8.161816e-43
10   1.841147e-32
11   8.260434e-25
12   4.618011e-19
13   1.114874e-14
14   2.707429e-11
15   1.104564e-08
16   1.214401e-06
17   5.103849e-05
18   1.035136e-03
19   1.203061e-02
20   9.138154e-02
21   4.927682e-01
22   2.023895e+00
23   6.620819e+00
24   1.804576e+01
25   4.280015e+01
26   8.911716e+01
27   1.664325e+02
28   2.868266e+02
29   4.597215e+02
30   6.938132e+02
31   9.929618e+02
32   1.345643e+03
33   1.756444e+03
34   2.216511e+03
35   2.718576e+03
36   3.259621e+03
37   3.798356e+03
38   4.374280e+03
39   4.959673e+03
40   5.494205e+03
41   6.017046e+03
42   6.535831e+03
43   7.002334e+03
44   7.382160e+03
45   7.793811e+03
46   8.114784e+03
47   8.378751e+03
48   8.601411e+03
49   8.742653e+03
50   8.903357e+03
51   9.009516e+03
52   9.067446e+03
53   9.096149e+03
54   9.152123e+03
55   9.109348e+03
56   8.869597e+03
57   8.656567e+03
58   9.242076e+03
59   1.047905e+04
60   9.595478e+03
61   7.923756e+03
62   7.640345e+03
63   7.426377e+03
64   7.151605e+03
65   6.793592e+03
66   6.344600e+03
67   6.504695e+03
68   6.168535e+03
69   5.274654e+03
70   4.685993e+03
71   4.114537e+03
72   3.702465e+03
73   3.173596e+03
74   2.808122e+03
75   2.434821e+03
76   2.028728e+03
77   1.603530e+03
78   1.113678e+03
79   6.232801e+02
80   0
81   0
82   0
83   0
84   0
85   0
86   0
87   0
88   0
89   0
90   0
91   0
92   0
93   0
94   0
95   0
96   0
97   0
98   0
99   0
100   0
101   0
102   0
103   0
104   0
105   0
106   0
107   0
108   0
109   0
110   0
111   0
112   0
113   0
114   0
115   0
116   0
117   0
118   0
119   0
120   0
121   0
122   0
123   0
124   0
125   0
126   0
127   0
128   0
129   0
130   0
131   0
132   0
133   0
134   0
135   0
136   0
137   0
138   0
139   0
140   0
141   0
142   0
143   0
144   0
145   0
146   0
147   0
148   0
149   0
150   0

tube name:
Boone/Fewell

Model Used::
TASMICS

kVp:
80

kV Ripple:
0

mm Cu:
0.4

mm Al:
1.0

Added Filtration:

