1   0
2   0
3   1.684667e-232
4   4.776043e-115
5   5.205702e-64
6   2.252618e-38
7   4.252261e-24
8   2.391205e-15
9   9.238945e-43
10   1.979697e-32
11   8.513262e-25
12   4.655554e-19
13   1.128863e-14
14   2.788320e-11
15   1.169013e-08
16   1.322744e-06
17   5.720695e-05
18   1.203410e-03
19   1.436533e-02
20   1.123970e-01
21   6.263739e-01
22   2.635645e+00
23   8.908401e+00
24   2.509535e+01
25   6.076167e+01
26   1.294007e+02
27   2.475319e+02
28   4.378093e+02
29   7.176275e+02
30   1.094714e+03
31   1.595212e+03
32   2.214620e+03
33   2.947893e+03
34   3.811369e+03
35   4.770990e+03
36   5.776946e+03
37   6.896289e+03
38   8.112200e+03
39   9.262837e+03
40   1.041273e+04
41   1.159828e+04
42   1.270047e+04
43   1.382209e+04
44   1.493031e+04
45   1.598003e+04
46   1.689048e+04
47   1.769554e+04
48   1.857132e+04
49   1.937730e+04
50   1.998859e+04
51   2.049002e+04
52   2.104132e+04
53   2.154758e+04
54   2.187069e+04
55   2.216399e+04
56   2.254879e+04
57   2.283192e+04
58   3.325367e+04
59   5.316665e+04
60   4.299904e+04
61   2.377950e+04
62   2.375661e+04
63   2.265444e+04
64   2.249420e+04
65   2.220511e+04
66   2.203106e+04
67   3.033497e+04
68   3.022609e+04
69   2.324969e+04
70   2.100764e+04
71   1.697886e+04
72   1.675448e+04
73   1.647657e+04
74   1.631187e+04
75   1.609397e+04
76   1.588593e+04
77   1.552189e+04
78   1.521087e+04
79   1.508593e+04
80   1.485683e+04
81   1.446352e+04
82   1.403633e+04
83   1.369363e+04
84   1.340073e+04
85   1.311765e+04
86   1.286274e+04
87   1.245326e+04
88   1.225515e+04
89   1.197536e+04
90   1.152614e+04
91   1.116809e+04
92   1.055260e+04
93   1.018777e+04
94   1.008792e+04
95   9.717104e+03
96   9.345031e+03
97   8.970995e+03
98   8.471655e+03
99   8.063683e+03
100   7.695784e+03
101   7.362649e+03
102   7.033315e+03
103   6.552020e+03
104   6.200536e+03
105   5.918713e+03
106   5.548623e+03
107   5.188415e+03
108   4.730426e+03
109   4.342902e+03
110   3.909169e+03
111   3.512676e+03
112   3.201166e+03
113   2.784606e+03
114   2.442790e+03
115   2.086251e+03
116   1.662530e+03
117   1.291323e+03
118   8.970611e+02
119   4.596027e+02
120   0
121   0
122   0
123   0
124   0
125   0
126   0
127   0
128   0
129   0
130   0
131   0
132   0
133   0
134   0
135   0
136   0
137   0
138   0
139   0
140   0
141   0
142   0
143   0
144   0
145   0
146   0
147   0
148   0
149   0
150   0

tube name:
Boone/Fewell

Model Used::
TASMICS

kVp:
120

kV Ripple:
0

mm Cu:
0.4

mm Al:
1.0

Added Filtration:

